 1.20299045e+00 4.85316694e+00
 1.01307405e-01 1.21287800e+00
 -9.62205665e-01 1.42841174e-03
 -4.12842829e-02 9.19135826e-01
 -1.02165362e+00 4.68879241e-04
 -1.67182980e+00 4.51355277e-01
 -8.81139449e-01 1.41278305e-02
 -1.36798375e+00 1.35412042e-01
 7.07637541e-01 2.91602597e+00
 -1.23786685e+00 5.65806388e-02
 -1.68087742e+00 4.63594062e-01
 -7.09257141e-02 8.63179029e-01
 9.55530570e-02 1.20023650e+00
 1.13493220e+00 4.55793550e+00
 8.28257312e-01 3.34252480e+00
 -9.24296124e-01 5.73107681e-03
 1.23252327e+00 4.98416017e+00
 1.33980100e+00 5.47466873e+00
 -2.08608896e-01 6.26299880e-01
 1.27328455e+00 5.16782264e+00
 6.59731297e-02 1.13629871e+00
 4.87917064e-01 2.21389719e+00
 8.13764838e-01 3.28974289e+00
 -1.24519292e+00 6.01195695e-02
 5.55307097e-01 2.41898017e+00
 -1.98490032e-01 6.42418229e-01
 5.58102069e-01 2.42768206e+00
 -7.77264479e-01 4.96111125e-02
 -5.13988499e-01 2.36207179e-01
 -6.63706473e-02 8.71663768e-01
